20150602181200
20150602181229
20150602181400
20150602181925
20150602205642
20150603135202
20150603153758
20150603170429
20150604160659
20150609140033
20150609150931
20150609160545
20150609161656
20150609185229
20150609185749
20150609190556
20150610142403
20150610143629
20150610155810
20150610160257
20150610183502
20150610220253
20150610220320
20150610220451
20150611144834
20150611145259
20150611180303
20150611202453
20150616202753
20150616202829
20150618143506
20150618161857
20150618161945
20150619165405
20150622144725
20150623191520
20150623194212
20150625213040
20150626190344
20150629210656
20150630202829
20150702200308
20150707142702
20150707143233
20150707150524
20150707150615
20150707150921
20150707151004
20150707151010
20150707151032
20150707151129
20150707153720
20150707222630
20150710135307
20150710135959
20150710160209
20150710160215
20150715181110
20150720141845
20150720173900
20150720175827
20150721204937
20150724165441
20150727164955
20150728133359
20150728203820
20150728213254
20150728213551
20150729182424
20150730174055
20150730181206
20150730202422
20150803181029
20150803194546
20150803194551
20150804160523
20150804203710
20150805132950
20150805161302
20150805200932
20150811174323
20150812194032
20150820151214
20150820151728
20150820152721
20150820155555
20150826145029
20150826145125
20150924163412
20150924183936
20151005143945
20151009191559
20151013191910
20151015142035
20151015150733
20151015183136
20151016160248
20151019203248
20151019204910
20151020145339
20151021162145
20151021171534
20151022142507
20151022191658
20151023171217
20151026181305
20151028145802
20151028155426
20151109223309
20151120150828
20151120151912
20151123203524
20151124151501
20151125192206
20151202180745
20151208144918
20151208200918
20151208200919
20151208200920
20151208244916
20151208244917
20151208244918
20151216102328
20151218203119
20160210200918
20160210200919
20170823145313
20170901152707
20170908074038
20170922182052
20170926144234
20171002120537
20171013141835
20171013141837
20171025095942
20171031145807
20171207163040
20171207170748
20180119173411
20180123111956
20180123154108
20180126120818
20180206173516
20180209145336
20180209152723
20180209152747
20180209171641
20180228145731
20180301114206
20180302144109
20180313091440
20180319133539
20180319133540
20180319175721
20180320105954
20180320113757
20180320154951
20180320183512
20180321082612
20180321095805
20180404150536
20180405141059
20180416145033
20180426091838
20180502082334
20180504080300
20180531091440
20180723165621
20180725140502
20180814142112
20180814142559
20180814142560
20180814142561
20180814142562
20180814142924
20180814180843
20180815104221
20180817114138
20180817114157
20180818133205
20180821123717
20180822085118
20180822093147
20180830144523
20180831132605
20180911153518
20180913142103
20180924153547
20181002142656
20181002165822
20181003182428
20181004113953
20181008104204
20181030185123
20181108115216
20181113143210
20181113143327
20181113150331
20181113150713
20181113152652
20181113154525
20181113154855
20181113154920
20181113154942
20181113165948
20181113170144
20181113172429
20181113175031
20181113180608
20181113183446
20181113184022
20181113184516
20181113184920
20181113185315
20181205103333
20181206123849
20181220131156
20181220160047
20190130152053
20190130152208
20190131130024
20190201160559
20190201160606
