20180723165621
20180725140502
20180814142112
20180814142559
20180814142560
20180814142561
20180814142562
20180814142924
20180814180843
20180815104221
20180817114138
20180817114157
20180818133205
20180821123717
20180822085118
20180822093147
20180830144523
20180831132605
20180911153518
20180913142103
20180924153547
20181002142656
20181002165822
20181003182428
20181004113953
20181008104204
20181030185123
20181108115216
20181113143210
20181113143327
20181113150331
20181113150713
20181113152652
20181113154525
20181113154855
20181113154920
20181113154942
20181113165948
20181113170144
20181113172429
20181113175031
20181113180608
20181113183446
20181113184022
20181113184516
20181113184920
20181113185315
20181205103333
20181206123849
20181220131156
20181220160047
20190130152053
20190130152208
20190131130024
20190201160559
20190201160606
20190225094021
20190226165932
20190226165938
20190226173917
20190312160404
20190312163119
20190416181222
20190502142561
20190517135351
20190523115611
20190528152006
20190612140618
20190614162317
20190624082535
20190628131713
20190709174613
20190709174638
20190711074003
20190711084434
