20150602181200
20150602181229
20150602181925
20150602205642
20150603135202
20150603170429
20150604160659
20150609150931
20150609161656
20150609185229
20150609185749
20150609190556
20150610142403
20150610143629
20150610155810
20150610160257
20150610183502
20150610220253
20150610220320
20150610220451
20150611144834
20150611145259
20150611180303
20150611202453
20150616202753
20150616202829
20150618143506
20150618161857
20150618161945
20150619165405
20150622144725
20150623191520
20150623194212
20150625213040
20150626190344
20150630202829
20150702200308
20150707142702
20150707143233
20150707150524
20150707150615
20150707150921
20150707151004
20150707151010
20150707151032
20150707151129
20150707153720
20150707222630
20150710135307
20150710135959
20150710160209
20150710160215
20150715181110
20150720141845
20150720173900
20150720175827
20150721204937
20150724165441
20150727164955
20150728133359
20150728203820
20150728213254
20150728213551
20150729182424
20150730174055
20150730181206
20150730202422
20150803181029
20150803194546
20150803194551
20150804160523
20150804203710
20150805132950
20150805161302
20150805200932
20150811174323
20150812194032
20150820151214
20150820151728
20150820152721
20150820155555
20150826145029
20150826145125
20150924163412
20150924183936
20151005143945
20151009191559
20151013191910
20151015142035
20151015150733
20151015183136
20151016160248
20151019203248
20151019204910
20151020145339
20151021162145
20151021171534
20151022142507
20151022191658
20151023171217
20151026181305
20151028145802
20151028155426
20151109223309
20151120150828
20151120151912
20151123203524
20151124151501
20151125192206
20151202180745
20151208144918
20151208200918
20151208200919
20151208200920
20151208244916
20151208244917
20151208244918
